No. Data Points,Actual,cep,ecl-c,ecl-nc,lpv,rrlyr,All
-100 < 0,ecl-c,0,0,0,65,0,65
-100 < 0,ecl-nc,0,0,0,32,0,32
-100 < 0,lpv,0,0,0,7117,0,7117
-100 < 0,rrlyr,0,0,0,26,0,26
0 < 100,cep,12,6,8,11,34,71
0 < 100,ecl-c,2,5699,3577,461,592,10331
0 < 100,ecl-nc,0,1351,9867,395,235,11848
0 < 100,lpv,0,381,433,7065,96,7975
0 < 100,rrlyr,0,857,530,160,6434,7981
100 < 200,cep,49,10,10,84,15,168
100 < 200,ecl-c,123,6750,2470,2349,345,12037
100 < 200,ecl-nc,34,555,10108,3112,135,13944
100 < 200,lpv,12,59,231,5689,67,6058
100 < 200,rrlyr,37,535,549,652,1354,3127
1000 < 1100,cep,46,0,0,1,4,51
1000 < 1100,ecl-c,0,1,0,0,2,3
1000 < 1100,ecl-nc,0,0,2,0,0,2
1000 < 1100,lpv,0,0,1,347,15,363
1000 < 1100,rrlyr,2,1,0,8,644,655
1100 < 1200,cep,19,0,0,1,2,22
1100 < 1200,ecl-c,1,0,0,0,0,1
1100 < 1200,ecl-nc,0,0,0,0,1,1
1100 < 1200,lpv,2,0,0,245,13,260
1100 < 1200,rrlyr,1,0,0,8,428,437
1200 < 1300,cep,13,0,0,0,3,16
1200 < 1300,lpv,0,0,0,319,3,322
1200 < 1300,rrlyr,0,0,0,11,368,379
1300 < 1400,cep,5,0,0,1,2,8
1300 < 1400,ecl-c,0,1,0,0,3,4
1300 < 1400,ecl-nc,0,0,2,0,1,3
1300 < 1400,lpv,0,0,0,654,3,657
1300 < 1400,rrlyr,0,0,0,3,576,579
1400 < 1500,cep,0,0,0,0,2,2
1400 < 1500,ecl-c,0,1,0,0,11,12
1400 < 1500,ecl-nc,0,0,1,0,0,1
1400 < 1500,lpv,0,0,0,443,1,444
1400 < 1500,rrlyr,0,0,0,0,303,303
1500 < 1600,cep,0,0,0,1,0,1
1500 < 1600,lpv,0,0,0,27,0,27
1500 < 1600,rrlyr,0,0,0,2,49,51
1600 < 1700,cep,1,0,0,0,0,1
1600 < 1700,lpv,0,0,0,167,0,167
1600 < 1700,rrlyr,0,0,0,1,158,159
1700 < 1800,cep,1,0,0,0,0,1
1700 < 1800,lpv,0,0,0,125,0,125
1700 < 1800,rrlyr,0,0,0,2,78,80
1800 < 1900,lpv,0,0,0,78,0,78
1800 < 1900,rrlyr,0,0,0,0,55,55
1900 < 2000,lpv,0,0,0,11,0,11
1900 < 2000,rrlyr,0,0,0,1,12,13
200 < 300,cep,78,2,3,45,15,143
200 < 300,ecl-c,329,1394,247,1322,201,3493
200 < 300,ecl-nc,86,60,1400,2040,49,3635
200 < 300,lpv,10,13,12,2120,23,2178
200 < 300,rrlyr,106,92,24,449,503,1174
2000 < 2100,lpv,0,0,0,3,0,3
2000 < 2100,rrlyr,0,0,0,0,19,19
2100 < 2200,lpv,0,0,0,6,0,6
2100 < 2200,rrlyr,0,0,0,2,9,11
2200 < 2300,lpv,0,0,0,13,0,13
2200 < 2300,rrlyr,0,0,0,0,9,9
2300 < 2400,ecl-c,0,0,0,0,1,1
2300 < 2400,ecl-nc,0,0,0,0,1,1
2300 < 2400,lpv,0,0,0,84,0,84
2300 < 2400,rrlyr,0,0,0,2,61,63
2400 < 2500,lpv,0,0,0,10,0,10
2400 < 2500,rrlyr,0,0,0,1,7,8
2500 < 2600,cep,0,0,0,0,1,1
2500 < 2600,lpv,0,0,0,69,0,69
2500 < 2600,rrlyr,0,0,0,4,48,52
2600 < 2700,lpv,0,0,0,13,0,13
2600 < 2700,rrlyr,0,0,0,0,17,17
2700 < 2800,lpv,0,0,0,153,1,154
2700 < 2800,rrlyr,0,0,0,9,115,124
2800 < 2900,lpv,0,0,0,52,0,52
2800 < 2900,rrlyr,0,0,0,2,57,59
2900 < 3000,lpv,0,0,0,110,0,110
2900 < 3000,rrlyr,0,0,0,12,84,96
300 < 400,cep,1587,2,0,25,4,1618
300 < 400,ecl-c,321,1299,186,778,44,2628
300 < 400,ecl-nc,42,63,673,1060,11,1849
300 < 400,lpv,23,4,11,2045,17,2100
300 < 400,rrlyr,88,153,19,255,1378,1893
3000 < 3100,lpv,0,0,0,3,0,3
3000 < 3100,rrlyr,0,0,0,0,8,8
3100 < 3200,rrlyr,0,0,0,1,5,6
3200 < 3300,rrlyr,0,0,0,0,1,1
3300 < 3400,rrlyr,0,0,0,0,2,2
3400 < 3500,rrlyr,0,0,0,0,1,1
3500 < 3600,rrlyr,0,0,0,1,4,5
3600 < 3700,rrlyr,0,0,0,0,2,2
3700 < 3800,rrlyr,0,0,0,0,1,1
3900 < 4000,rrlyr,0,0,0,0,2,2
400 < 500,cep,544,0,0,35,4,583
400 < 500,ecl-c,118,218,3,246,20,605
400 < 500,ecl-nc,59,4,4,351,2,420
400 < 500,lpv,22,2,4,581,17,626
400 < 500,rrlyr,36,27,0,71,1798,1932
4000 < 4100,rrlyr,0,0,0,0,1,1
4100 < 4200,rrlyr,0,0,0,0,2,2
4600 < 4700,rrlyr,0,0,0,0,1,1
4800 < 4900,rrlyr,0,0,0,0,1,1
4900 < 5000,rrlyr,0,0,0,0,1,1
500 < 600,cep,284,0,0,3,7,294
500 < 600,ecl-c,64,23,2,72,23,184
500 < 600,ecl-nc,17,0,2,100,3,122
500 < 600,lpv,8,1,1,421,9,440
500 < 600,rrlyr,23,7,0,28,1757,1815
600 < 700,cep,586,0,0,7,5,598
600 < 700,ecl-c,45,306,0,36,29,416
600 < 700,ecl-nc,11,0,4,43,2,60
600 < 700,lpv,4,0,1,554,11,570
600 < 700,rrlyr,18,29,0,14,1329,1390
700 < 800,cep,308,0,0,10,4,322
700 < 800,ecl-c,31,174,0,14,47,266
700 < 800,ecl-nc,17,0,3,13,5,38
700 < 800,lpv,6,0,0,786,13,805
700 < 800,rrlyr,10,24,1,11,1407,1453
800 < 900,cep,436,0,0,15,11,462
800 < 900,ecl-c,15,452,1,8,22,498
800 < 900,ecl-nc,16,0,1,17,4,38
800 < 900,lpv,9,1,2,681,9,702
800 < 900,rrlyr,1,51,1,8,1042,1103
900 < 1000,cep,128,0,0,3,2,133
900 < 1000,ecl-c,0,105,0,1,6,112
900 < 1000,ecl-nc,0,1,1,1,2,5
900 < 1000,lpv,2,0,1,435,19,457
900 < 1000,rrlyr,1,9,0,8,826,844
All,,5849,20723,30396,44936,23186,125090
